"[count]","uHashT [query/μs]","cHashT [query/μs]","iHashT_u8h [query/μs]","iHashT_u8 [query/μs]","iHashT_u16 [query/μs]","dHashT [query/μs]","fHashT [query/μs]",
"1.000000","1.315789","14.285714","1.234568","1.754386","1.666667","2.777778","1.333333",
"2.000000","1.149425","50.000000","33.333333","14.285714","33.333333","25.000000","33.333333",
"3.000000","11.111111","1.754386","6.250000","16.666667","6.250000","25.000000","2.173913",
"4.000000","10.000000","7.692308","25.000000","14.285714","33.333333","25.000000","16.666667",
"5.000000","5.000000","1.123596","14.285714","11.111111","16.666667","33.333333","2.222222",
"6.000000","9.090909","25.000000","16.666667","16.666667","33.333333","25.000000","20.000000",
"7.000000","9.090909","20.000000","12.500000","20.000000","12.500000","33.333333","33.333333",
"8.000000","11.111111","33.333333","20.000000","16.666667","12.500000","33.333333","33.333333",
"9.000000","12.500000","1.818182","12.500000","11.111111","12.500000","25.000000","2.325581",
"10.000000","12.500000","25.000000","12.500000","12.500000","16.666667","12.500000","50.000000",
"15.000000","5.488474","62.500000","11.111111","13.888889","13.157895","38.461538","71.428571",
"20.000000","18.518519","0.000012","2.135839","12.195122","15.151515","2.672368","4.464286",
"25.000000","5.882353","12.195122","0.000095","11.111111","10.638298","29.411765","55.555556",
"30.000000","12.820513","22.727273","4.166667","9.803922","9.090909","41.666667","25.000000",
"35.000000","15.625000","2.793296","23.809524","8.620690","8.620690","3.401361","4.504505",
"40.000000","18.518519","45.454545","4.032258","1.057082","1.123596","33.333333","50.000000",
"45.000000","13.888889","83.333333","31.250000","2.182453","2.644104","26.315789","62.500000",
"50.000000","4.201681","55.555556","38.461538","11.111111","13.157895","41.666667","62.500000",
"55.000000","13.888889","71.428571","3.496503","2.659574","2.604167","45.454545","62.500000",
"60.000000","20.000000","18.518519","71.428571","15.625000","17.857143","29.411765","45.454545",
"65.000000","19.230769","1.960784","38.461538","15.625000","17.241379","2.109705","2.873563",
"70.000000","14.285714","55.555556","35.714286","2.577320","2.538071","41.666667","62.500000",
"75.000000","15.151515","62.500000","38.461538","19.230769","16.666667","38.461538","71.428571",
"80.000000","15.625000","33.333333","27.777778","16.129032","20.000000","50.000000","83.333333",
"85.000000","14.285714","83.333333","50.000000","15.625000","17.241379","50.000000","71.428571",
"90.000000","15.625000","62.500000","2.154244","16.129032","15.625000","26.315789","50.000000",
"95.000000","19.230769","35.714286","38.461538","11.363636","15.151515","31.250000","83.333333",
"100.000000","2.414293","62.500000","31.250000","12.500000","18.518519","38.461538","71.428571",
"125.000000","17.857143","56.818182","43.103448","8.061916","7.596475","50.000000","73.529412",
"150.000000","16.891892","5.924171","33.783784","18.115942","21.008403","7.202535","8.223684",
"175.000000","18.248175","71.428571","6.613757","4.940711","5.800464","60.975610","96.153846",
"200.000000","5.800464","65.789474","51.020408","35.211268","29.411765","52.083333","78.125000",
"225.000000","16.223232","47.169811","50.000000","33.333333","31.250000","59.523810","78.125000",
"250.000000","17.857143","52.083333","17.361111","24.485798","26.852846","41.666667","46.296296",
"275.000000","18.939394","3.405531","21.929825","16.778523","22.935780","3.936388","4.250978",
"300.000000","17.985612","75.757576","3.332889","4.071661","11.682243","73.529412","78.125000",
"325.000000","18.518519","65.789474","62.500000","37.878788","4.325260","59.523810","100.000000",
"350.000000","19.379845","71.428571","56.818182","35.663338","34.199726","56.818182","92.592593",
"375.000000","17.985612","59.523810","49.019608","40.983607","36.231884","55.555556","71.428571",
"400.000000","16.329197","55.555556","53.191489","30.120482","40.983607","56.818182","71.428571",
"425.000000","3.612717","59.523810","51.020408","30.487805","40.322581","41.666667","73.529412",
"450.000000","19.230769","46.296296","44.642857","24.271845","32.051282","41.666667","58.139535",
"475.000000","20.475020","43.103448","50.000000","2.759077","28.735632","40.983607","92.592593",
"500.000000","19.230769","49.019608","43.859649","40.983607","25.510204","46.296296","63.938619",
"525.000000","16.025641","1.802321","43.103448","39.062500","14.792899","2.224001","2.413127",
"550.000000","21.367521","65.789474","46.296296","39.062500","8.302889","62.500000","85.910653",
"575.000000","21.929825","55.555556","1.939338","40.322581","2.245980","47.984645","100.000000",
"600.000000","19.230769","71.428571","67.567568","43.103448","39.682540","56.818182","100.000000",
"625.000000","20.491803","58.139535","58.139535","39.682540","49.019608","58.139535","89.285714",
"650.000000","18.642804","58.139535","64.102564","35.714286","37.878788","54.347826","83.333333",
"675.000000","17.482517","83.333333","62.500000","33.333333","38.461538","47.169811","89.285714",
"700.000000","19.083969","69.444444","53.191489","36.231884","37.313433","54.347826","62.500000",
"725.000000","19.841270","59.523810","62.500000","35.161744","37.313433","56.818182","80.645161",
"750.000000","16.666667","59.523810","49.019608","33.783784","37.878788","49.019608","65.789474",
"775.000000","18.518519","54.347826","45.454545","32.051282","31.250000","59.523810","67.567568",
"800.000000","17.730496","62.344140","47.169811","32.467532","30.487805","41.666667","59.523810",
"825.000000","2.053894","62.500000","40.983607","29.069767","32.894737","60.975610","60.975610",
"850.000000","21.008403","59.523810","59.523810","35.714286","33.783784","42.372881","71.428571",
"875.000000","21.739130","69.444444","53.191489","23.584906","33.333333","50.000000","56.818182",
"900.000000","21.008403","41.666667","33.783784","20.325203","33.333333","42.372881","49.019608",
"925.000000","21.008403","40.983607","49.019608","25.252525","26.041667","45.372051","53.191489",
"950.000000","21.367521","40.983607","53.191489","1.565239","20.000000","45.454545","49.019608",
"975.000000","20.000000","49.019608","41.666667","47.169811","17.482517","54.347826","58.139535",
"1000.000000","20.161290","48.076923","38.461538","36.764706","9.469697","42.372881","47.169811",
"1100.000000","18.416206","3.567224","3.809234","41.841004","2.780558","4.823461","4.698807",
"1200.000000","19.565643","45.662100","62.500000","34.831069","42.553191","71.942446","95.238095",
"1300.000000","18.691589","54.318305","66.622252","38.461538","38.759690","56.179775","86.206897",
"1400.000000","17.602535","51.546392","56.818182","37.313433","36.751194","56.818182","64.516129",
"1500.000000","18.115942","44.642857","64.102564","35.574529","34.722222","54.318305","68.493151",
"1600.000000","18.112661","52.356021","63.694268","30.211480","33.898305","50.505051","74.626866",
"1700.000000","17.271157","54.644809","51.020408","32.467532","31.645570","49.504950","66.666667",
"1800.000000","3.618862","48.995590","50.226017","27.464982","23.980815","48.780488","59.523810",
"1900.000000","21.276596","51.813472","42.735043","24.330900","20.964361","42.900043","56.179775",
"2000.000000","20.403999","51.020408","41.666667","3.055021","8.755801","38.610039","57.803468",
"2100.000000","19.531250","0.021226","42.553191","40.322581","4.614249","2.437598","2.439977",
"2200.000000","18.723086","13.734377","2.089253","41.305246","1.366923","63.291139","95.238095",
"2300.000000","19.762846","13.422819","62.111801","39.215686","37.174721","54.644809","76.923077",
"2400.000000","18.864365","23.142791","59.171598","36.231884","39.200314","53.763441","84.745763",
"2500.000000","19.120459","21.052632","58.823529","35.211268","42.553191","60.204696","103.092784",
"2600.000000","17.358098","23.413720","56.148231","36.088055","42.553191","54.945055","76.923077",
"2700.000000","18.050542","19.801980","53.191489","33.003300","36.231884","58.479532","83.333333",
"2800.000000","17.664724","25.246150","50.000000","33.898305","36.616624","54.644809","67.567568",
"2900.000000","20.449898","22.026432","53.191489","33.101622","34.602076","55.248619","69.444444",
"3000.000000","18.416206","21.181953","56.818182","35.842294","33.557047","59.136606","70.422535",
"3100.000000","17.268175","29.673591","49.751244","30.303030","32.456994","57.803468","64.474533",
"3200.000000","17.699115","27.247956","51.546392","29.664788","32.154341","50.761421","65.789474",
"3300.000000","17.510068","31.338139","49.019608","27.777778","32.051282","41.152263","72.992701",
"3400.000000","17.006803","22.222222","51.813472","27.777778","30.293850","46.707146","54.644809",
"3500.000000","15.921032","37.160907","43.084877","26.802466","28.409091","42.194093","70.422535",
"3600.000000","16.077170","26.041667","39.525692","24.630542","25.839793","45.871560","66.181337",
"3700.000000","16.155089","35.587189","39.840637","1.667890","22.466861","42.918455","47.169811",
"3800.000000","1.837729","35.198874","45.454545","46.296296","19.607843","39.047247","54.945055",
"3900.000000","19.338619","35.460993","38.759690","43.290043","14.162300","35.335689","59.523810",
"4000.000000","20.618557","38.022814","43.290043","41.152263","6.886578","41.152263","54.945055",
"4100.000000","20.408163","0.825893","43.668122","39.047247","0.934754","1.180944","1.165393",
"4200.000000","19.193858","59.880240","36.886758","36.764706","1.716002","50.505051","80.000000",
"4300.000000","20.000000","46.728972","1.085682","42.918455","0.935891","61.728395","81.967213",
"4400.000000","19.762846","58.823529","52.083333","38.167939","0.788824","55.218112","87.719298",
"4500.000000","18.971732","54.945055","64.516129","36.900369","32.776139","55.865922","90.909091",
"4600.000000","19.047619","65.789474","61.349693","35.842294","29.325513","57.803468","87.719298",
"4700.000000","17.982377","70.921986","56.497175","37.593985","29.850746","71.942446","79.365079",
"4800.000000","17.793594","62.111801","54.945055","35.323207","31.142946","69.444444","81.967213",
"4900.000000","19.451469","59.136606","54.945055","37.453184","31.948882","73.475386","79.365079",
"5000.000000","18.148820","57.142857","67.567568","36.630037","33.557047","70.422535","67.521945",
"5100.000000","19.301293","54.347826","53.163211","36.616624","32.247662","61.349693","83.333333",
"5200.000000","18.083183","50.505051","56.179775","31.847134","29.154519","67.567568","74.074074",
"5300.000000","17.822135","56.497175","57.471264","32.258065","30.120482","71.942446","83.333333",
"5400.000000","17.857143","58.479532","56.818182","33.658701","31.645570","69.930070","78.740157",
"5500.000000","17.982377","53.763441","47.169811","32.051282","31.055901","62.073246","62.111801",
"5600.000000","16.666667","57.142857","54.318305","34.364261","29.403117","51.282051","41.152263",
"5700.000000","17.064846","56.818182","54.945055","30.293850","26.881720","62.893082","54.054054",
"5800.000000","17.149717","53.447354","51.282051","32.154341","26.525199","63.694268","51.546392",
"5900.000000","17.094017","50.251256","50.505051","32.786885","27.847396","67.114094","65.359477",
"6000.000000","18.079913","50.251256","45.433894","29.489826","28.169014","52.882073","61.728395",
"6100.000000","17.035775","49.261084","58.139535","29.850746","27.700831","55.555556","51.813472",
"6200.000000","17.003911","46.948357","49.019608","31.847134","27.247956","50.505051","56.818182",
"6300.000000","15.501473","54.945055","54.945055","30.759766","25.773196","48.780488","63.291139",
"6400.000000","15.923567","46.948357","49.261084","30.487805","25.900026","57.438254","53.734551",
"6500.000000","16.832183","46.728972","47.596383","30.120482","25.773196","76.923077","68.965517",
"6600.000000","16.313214","57.803468","42.553191","28.003360","23.803856","51.546392","54.347826",
"6700.000000","15.921032","53.734551","46.948357","27.397260","23.923445","58.479532","52.631579",
"6800.000000","16.023073","51.020408","43.478261","26.954178","23.584906","51.546392","58.823529",
"6900.000000","15.673981","47.169811","44.247788","26.946915","22.316447","54.318305","50.479556",
"7000.000000","17.149717","50.505051","50.505051","26.455026","22.624434","58.139535","45.871560",
"7100.000000","15.576324","46.061723","40.983607","22.983222","21.048200","52.083333","46.296296",
"7200.000000","15.997440","41.493776","41.841004","21.413276","20.040080","49.261084","46.728972",
"7300.000000","15.405947","47.169811","43.103448","0.898553","19.956097","50.251256","47.147572",
"7400.000000","15.974441","45.248869","40.160643","44.247788","17.513135","58.445354","43.290043",
"7500.000000","15.820282","48.285852","37.735849","41.823505","15.335071","52.631579","46.082949",
"7600.000000","0.899281","37.313433","47.147572","43.668122","14.263301","71.428571","43.271311",
"7700.000000","18.796992","44.642857","41.666667","44.247788","10.833063","47.393365","46.728972",
"7800.000000","19.301293","39.840637","48.543689","39.525692","8.018603","50.479556","42.918455",
"7900.000000","18.178513","40.000000","42.553191","41.493776","6.919936","49.019608","41.152263",
"8000.000000","18.587361","42.553191","39.200314","41.152263","5.799791","48.309179","42.354934",
"8100.000000","19.043992","41.493776","39.840637","38.022814","4.605748","46.082949","39.370079",
"8200.000000","19.193858","0.417341","37.313433","38.446751","2.601931","0.712438","0.562126",
"8300.000000","19.603999","50.251256","34.831069","38.610039","0.497097","60.240964","64.102564",
"8400.000000","18.484288","55.248619","0.561120","36.496350","0.388343","64.935065","65.359477",
"8500.000000","19.301293","71.942446","57.142857","40.160643","0.421797","62.460962","76.335878",
"8600.000000","19.047619","66.181337","64.102564","38.744673","34.482759","75.757576","64.935065",
"8700.000000","17.328019","64.935065","54.644809","37.037037","30.864198","64.935065","80.000000",
"8800.000000","19.047619","56.497175","53.475936","36.231884","37.735849","60.975610","68.965517",
"8900.000000","17.120356","55.865922","47.147572","37.023325","32.467532","69.444444","71.428571",
"9000.000000","18.552876","65.789474","54.644809","32.786885","29.585799","67.114094","65.359477",
"9100.000000","18.178513","64.892927","51.813472","36.101083","33.444816","79.936051","72.411296",
"9200.000000","17.543860","65.789474","55.555556","34.710170","29.940120","64.102564","75.187970",
"9300.000000","18.412815","50.251256","52.356021","37.037037","33.557047","72.463768","57.142857",
"9400.000000","17.358098","44.444444","59.171598","36.231884","34.129693","62.893082","61.728395",
"9500.000000","17.271157","48.543689","59.880240","34.129693","32.362460","64.102564","58.139535",
"9600.000000","17.418568","46.061723","50.251256","34.470872","31.250000","68.965517","61.312078",
"9700.000000","16.339869","51.546392","56.497175","38.759690","28.571429","65.789474","58.139535",
"9800.000000","18.047284","50.000000","56.465274","38.314176","29.325513","67.114094","68.493151",
"9900.000000","17.301038","49.261084","49.751244","35.958288","29.664788","61.349693","70.422535",
"10000.000000","17.238407","55.524708","54.054054","35.460993","32.154341","61.349693","70.422535",
"11000.000000","16.765584","50.937245","53.016647","33.952399","29.203049","62.652716","62.418076",
"12000.000000","15.212365","51.727705","50.551006","31.823823","28.342261","59.304946","57.700075",
"13000.000000","13.445017","49.231981","47.145349","29.434273","26.093310","56.522722","53.818417",
"14000.000000","12.812792","46.637441","44.959986","26.459926","22.907408","53.989850","48.118564",
"15000.000000","12.456868","43.702474","41.421589","3.878931","17.517737","50.120289","47.321598",
"16000.000000","3.163766","40.044850","40.729879","33.576201","7.173961","47.433830","42.279723",
"17000.000000","14.853103","1.977477","2.746023","32.485463","0.620908","3.558022","2.717665",
"18000.000000","14.445440","59.410646","55.735147","31.562668","36.829699","66.396654","64.926633",
"19000.000000","14.069249","58.544582","55.828495","29.609451","36.137612","63.690211","63.207130",
"20000.000000","13.421558","55.862801","53.384583","29.556941","34.068068","62.457061","64.470376",
"21000.000000","9.886405","55.429300","53.016647","28.103308","34.149507","58.713011","64.304546",
"22000.000000","13.156856","49.451093","50.525465","26.403337","31.652581","59.445964","61.120958",
"23000.000000","12.502032","49.111089","47.546596","25.294683","31.238286","55.212014","57.663476",
"24000.000000","12.396489","44.778793","45.804324","25.142685","30.090573","54.698611","55.518543",
"25000.000000","12.137837","45.081598","47.209895","23.599377","28.318183","55.395524","55.487737",
"26000.000000","10.071609","45.699662","43.990850","23.103225","27.783180","51.541078","50.989190",
"27000.000000","10.929201","44.165710","43.855802","21.242698","25.644971","51.145663","50.022510",
"28000.000000","10.771451","42.731390","42.658476","1.924309","23.362303","48.704461","47.524000",
"29000.000000","10.985510","40.846336","41.507554","36.372895","20.456173","48.609761","46.943949",
"30000.000000","10.876895","40.011203","39.553833","35.010328","16.695884","45.888399","43.305041",
"31000.000000","1.676213","40.796345","37.976606","32.891491","11.903770","46.637441","40.189695",
"32000.000000","16.132675","38.165026","38.770209","32.496019","5.318385","45.867352","41.455932",
"33000.000000","16.378407","0.990668","1.375015","31.592582","0.311176","1.904120","1.306150",
"34000.000000","15.621095","59.414176","55.645206","31.623553","37.520636","55.925284","64.511967",
"35000.000000","15.409270","58.001276","55.831612","30.756928","35.762821","57.332875","62.928702",
"36000.000000","15.858919","58.068637","55.154156","29.937431","36.870437","54.728546","59.063257",
"37000.000000","15.604032","55.426228","54.080363","28.774494","36.110208","50.499950","60.382827",
"38000.000000","14.993403","55.922156","51.864530","28.618035","34.372529","53.757660","61.009090",
"39000.000000","15.040987","52.077909","51.305731","27.032141","33.508696","53.129317","59.912528",
"40000.000000","14.472618","51.355793","51.969650","25.750631","34.278271","51.355793","57.501006",
"41000.000000","14.174947","49.331557","50.095181","25.243601","33.043651","50.322061","56.557887",
"42000.000000","14.024065","48.680752","51.198034","24.245951","31.692708","49.600714","54.851626",
"43000.000000","14.169123","47.773744","48.966801","24.394409","31.218781","46.899916","55.367920",
"44000.000000","14.071229","48.398025","48.657065","23.796492","30.090573","46.637441","54.109626",
"45000.000000","14.037846","46.270590","48.213683","23.092555","29.715033","47.368670","52.820621",
"46000.000000","13.669419","47.478872","46.420945","23.237440","29.513325","45.061283","50.170580",
"47000.000000","13.905112","48.327856","46.249191","21.779849","29.160470","44.539462","50.195763",
"48000.000000","13.710462","45.762402","45.265254","22.048772","28.015913","43.932871","51.623561",
"49000.000000","13.528688","43.721581","45.020710","21.822626","27.417542","42.640287","50.502500",
"50000.000000","13.484904","44.048982","43.952180","21.333788","24.610538","42.786240","48.141729",
"51000.000000","13.539678","43.932871","42.585810","20.706506","26.509026","43.779004","48.351223",
"52000.000000","13.238545","30.634439","41.250722","19.930641","25.631824","42.603954","46.017210",
"53000.000000","13.219295","43.952180","42.676681","19.355838","24.910323","41.732744","45.081598",
"54000.000000","13.033222","43.044077","41.907636","18.589434","24.082458","43.118317","42.933196",
"55000.000000","12.975722","39.885131","40.125191","1.113673","22.965277","40.141297","42.101718",
"56000.000000","12.794759","40.091408","42.676681","40.896450","21.779375","40.746475","43.060759",
"57000.000000","13.007792","38.121378","39.647926","40.368158","20.135309","39.772501","46.292010",
"58000.000000","12.726370","39.932913","41.820007","41.455932","18.952316","39.821599","50.989190",
"59000.000000","12.692449","37.946344","39.166536","39.883540","17.204301","38.892346","47.911077",
"60000.000000","12.553825","38.252620","38.471896","40.109097","14.804726","37.788611","48.005377",
"61000.000000","12.928750","37.282828","39.166536","39.837463","11.942152","37.253660","47.591852",
"62000.000000","12.466185","26.592916","37.761498","38.620477","9.753338","37.605295","45.388526",
"63000.000000","0.842689","37.448976","37.005514","38.296569","6.243211","36.255529","45.720556",
"64000.000000","13.528688","34.889401","37.845816","35.458478","3.751163","36.268678","45.101930",
"65000.000000","13.337423","36.748493","36.334569","37.253660","1.734569","36.400699","45.888399",
"66000.000000","13.165344","0.453460","0.600208","35.928574","0.279837","0.837804","0.656458",
"67000.000000","13.271929","32.538314","31.306743","35.482383","36.721504","47.614513","37.774336",
"68000.000000","12.693899","33.988172","31.208064","35.059426","35.370685","46.377887","38.370041",
"69000.000000","12.665122","31.804593","29.348751","35.408257","35.571998","47.279088","35.788419",
"70000.000000","12.180565","31.813699","30.977015","34.925957","37.101621","49.377839","36.573769",
"71000.000000","12.139163","30.447888","31.374518","36.189925","35.608731","48.515428","36.413954",
"72000.000000","12.028339","32.453834","29.539480","34.139014","34.924737","46.746447","38.061889",
"73000.000000","12.463078","36.254215","30.596946","32.475968","34.658441","46.015093","36.386130",
"74000.000000","12.210459","32.369793","31.453465","32.603026","33.929359","42.804554","38.771712",
"75000.000000","11.942010","32.740726","30.522235","33.077534","33.826066","46.227811","38.005473",
"76000.000000","12.054293","31.413942","31.542756","32.559502","32.805170","47.388873","36.775522",
"77000.000000","12.145208","33.804340","29.176635","31.652581","32.612595","43.062613","37.890270",
"78000.000000","12.011002","34.707761","31.692708","32.380274","33.175198","43.399011","36.950818",
"79000.000000","12.323314","33.679105","30.054398","30.401605","32.633880","42.968246","38.281908",
"80000.000000","13.895258","34.587714","31.053007","31.593580","32.234149","54.818551","25.837790",
"81000.000000","14.249683","33.577329","28.659043","30.928154","32.161580","50.423558","36.587151",
"82000.000000","13.920597","33.198327","31.572633","24.152256","31.033734","52.709256","35.546708",
"83000.000000","14.103179","31.753088","32.359318","29.892685","31.384364","48.304512","34.792290",
"84000.000000","13.801289","32.151239","29.688567","29.759248","30.531554","51.969650","35.737260",
"85000.000000","13.812727","35.761542","29.937431","30.728575","30.578234","50.602166","35.558084",
"86000.000000","13.383835","30.870867","29.946396","30.144997","30.410851","51.043847","35.864147",
"87000.000000","13.820363","33.109294","32.731081","27.945450","29.910567","49.897710","36.828343",
"88000.000000","13.435984","31.844091","31.612557","29.041907","29.812480","50.423558","36.346454",
"89000.000000","13.761594","30.937722","32.171927","28.182510","29.539480","51.119517","35.532815",
"90000.000000","13.630292","32.957617","32.151239","28.056000","28.455169","51.198034","35.698986",
"91000.000000","13.558219","34.069229","32.317487","27.713882","29.280005","51.355793","35.433350",
"92000.000000","13.289743","35.159271","32.751449","28.103308","27.814091","48.538977","35.458478",
"93000.000000","13.486904","30.662619","33.165296","27.767751","28.342261","48.468399","36.480374",
"94000.000000","13.210738","32.348850","31.936638","26.670934","27.259841","49.258657","37.199613",
"95000.000000","12.905391","34.079678","33.342225","26.417985","27.576317","51.996672","37.074111",
"96000.000000","13.275452","33.643979","30.870867","25.831116","27.216068","46.768310","34.419853",
"97000.000000","13.264887","33.998572","31.864385","25.731415","26.066104","47.637195","37.931950",
"98000.000000","12.758845","32.989147","31.463361","25.244238","26.857895","48.095421","37.019213",
"99000.000000","13.153395","33.000033","31.813699","25.256352","26.012538","48.969198","34.803188",
"100000.000000","12.850662","35.257201","33.815772","25.097882","25.104813","46.768310","35.295779",
"110000.000000","11.926272","33.270452","32.381532","22.752663","23.807370","46.583345","35.690704",
"120000.000000","10.251395","30.467369","32.479343","4.561469","18.723857","44.359668","34.614533",
"130000.000000","3.105265","29.222591","32.250990","27.192904","4.453547","42.691075","32.848598",
"140000.000000","11.361454","1.629655","1.689426","26.343242","1.608015","3.128915","2.546401",
"150000.000000","12.232206","17.175284","21.333697","28.382321","26.380074","25.869540","25.498821",
"160000.000000","11.901574","17.776514","21.561901","27.653873","27.496474","26.837424","25.936637",
"170000.000000","10.592154","18.632105","21.883227","26.739827","27.179600","24.659331","26.444253",
"180000.000000","9.043562","19.040837","21.411809","25.661094","26.007532","25.377812","26.522807",
"190000.000000","9.371843","18.425096","20.868854","24.482981","24.832628","26.488382","26.790044",
"200000.000000","9.054207","18.201045","20.738584","22.767634","23.590024","26.206550","26.451947",
"210000.000000","8.236425","15.445017","20.820191","21.130391","21.898609","25.562045","26.071948",
"220000.000000","7.867301","13.234901","20.595498","2.378141","19.958287","25.705950","25.334671",
"230000.000000","7.262254","12.976581","19.961116","17.473933","17.242509","28.658140","24.939770",
"240000.000000","5.787255","13.490598","19.450107","18.223600","14.647057","28.760343","24.083792",
"250000.000000","6.166844","13.199438","19.265373","18.452976","9.259199","28.274066","22.967439",
"260000.000000","0.838554","13.103103","18.817933","18.534376","1.136471","27.185585","22.545373",
"270000.000000","6.726022","0.727515","0.873899","18.098237","1.233243","1.739029","1.401599",
"280000.000000","6.508777","16.733797","18.826116","17.568795","17.884928","18.012176","21.660916",
"290000.000000","6.385084","16.267966","18.954579","17.574044","18.016427","18.405394","22.174375",
"300000.000000","6.129945","16.891806","18.921583","16.309090","17.907989","18.354720","22.245456",
"310000.000000","6.116107","16.543309","18.725961","16.250782","17.669374","18.112333","22.624486",
"320000.000000","5.715279","15.199208","18.716182","15.860277","17.064177","18.868387","22.049209",
"330000.000000","5.525069","14.312643","18.235231","15.732274","16.713911","18.777333","22.107216",
"340000.000000","5.423685","13.361535","18.301979","15.441440","15.961539","18.753352","22.269731",
"350000.000000","5.332002","13.612369","17.920505","14.965355","14.781289","18.572585","21.938436",
"360000.000000","5.236614","13.590373","17.661884","14.177077","14.849993","18.606451","21.703179",
"370000.000000","5.016937","11.994794","17.716361","13.996898","14.564478","18.685372","21.693339",
"380000.000000","4.888176","11.982003","17.446496","13.562154","14.066201","18.034590","21.006064",
"390000.000000","4.801423","12.166871","17.395782","12.905057","13.630756","18.217292","21.356478",
"400000.000000","4.703249","12.000422","17.161136","12.419244","13.067830","17.936898","21.026426",
"410000.000000","4.673747","11.510023","17.067701","12.041896","12.367941","17.547215","20.787298",
"420000.000000","4.484969","11.498112","16.596574","11.637149","11.923854","17.479737","20.856667",
"430000.000000","4.364706","11.042756","16.562489","1.239243","11.499038","17.441323","20.499617",
"440000.000000","4.339099","10.632484","16.446990","15.546369","10.814166","17.473933","19.968649",
"450000.000000","4.249478","10.403056","16.284125","15.864051","10.074775","17.041785","19.864287",
"460000.000000","4.158860","10.035032","15.843441","16.066167","9.544681","17.100682","18.810535",
"470000.000000","4.037627","10.023164","15.774189","15.595807","8.550999","17.190933","19.338395",
"480000.000000","4.067289","9.730921","15.448835","15.710253","7.603771","16.980437","19.053898",
"490000.000000","4.032239","9.473608","15.594591","15.353955","6.581476","16.929841","18.825408",
"500000.000000","3.925728","8.809703","15.308567","15.328278","5.008818","16.591617","18.178216",
"510000.000000","3.795389","8.302145","14.938528","15.169236","3.075426","16.148436","18.012501",
"520000.000000","3.788990","8.688905","14.883610","14.924705","0.633253","16.484920","17.676870",
"530000.000000","0.300302","0.256103","0.443114","14.456884","0.461778","0.673518","0.464179",
"540000.000000","4.607055","15.322172","17.423060","14.646199","15.225822","15.833382","20.271887",
"550000.000000","4.528356","16.098264","17.386134","14.409180","15.479205","16.153654","20.318430",
"560000.000000","4.514514","15.327597","17.417931","14.363441","15.181671","16.220206","20.791188",
"570000.000000","4.463369","15.651951","16.879261","14.166232","15.039652","16.274055","20.966426",
"580000.000000","4.467537","15.282131","17.340880","13.732963","14.564924","16.276704","20.747577",
"590000.000000","4.347437","15.050744","17.318956","13.766994","14.665746","16.378809","20.980063",
"600000.000000","4.320948","14.404407","17.264538","13.762068","14.449572","16.099015","20.865370",
"610000.000000","4.330022","13.673980","17.266624","13.517240","14.176294","16.148436","20.938330",
"620000.000000","4.250867","14.369633","17.333997","13.229491","14.117056","16.261088","20.564538",
"630000.000000","4.241510","13.425936","17.009638","12.833692","14.014356","15.985779","20.623489",
"640000.000000","4.075098","14.272808","16.417558","12.838124","13.265643","16.107080","20.608656",
"650000.000000","4.134835","13.185341","16.762689","12.579392","13.330187","16.122635","20.587018",
"660000.000000","4.102753","13.015935","16.635503","12.504048","13.106194","15.319120","20.133526",
"670000.000000","3.967032","12.574630","16.593269","12.453424","13.054694","15.837896","20.101513",
"680000.000000","4.039864","12.386631","16.627758","11.785559","12.630553","15.599480","20.284223",
"690000.000000","4.019645","12.153873","16.590516","11.702380","12.420478","15.613363","19.896340",
"700000.000000","3.911524","11.951072","16.187909","11.482665","12.021774","15.585841","19.775156",
"710000.000000","3.918867","11.602045","16.319470","11.329147","11.902849","15.494315","19.824160",
"720000.000000","3.840066","11.472258","16.232317","11.094211","11.431733","15.252528","19.680545",
"730000.000000","3.822290","11.402262","16.211502","10.804830","10.644809","15.385373","19.010792",
"740000.000000","3.809821","11.322733","16.129657","10.502712","10.312925","15.393188","19.888426",
"750000.000000","3.742264","10.848317","16.010862","10.507347","10.050968","15.226054","19.741193",
"760000.000000","3.719656","10.824350","15.534029","10.133992","10.526260","15.427147","19.478900",
"770000.000000","3.739465","10.340235","15.812102","10.019749","10.240792","15.149243","19.263888",
"780000.000000","3.662797","10.487622","15.895547","9.660510","10.060980","15.000150","19.466008",
"790000.000000","3.607636","10.345038","15.416444","9.603906","9.909722","15.106448","19.177073",
"800000.000000","3.647884","10.180314","15.647077","9.232357","8.977386","14.977930","18.918326",
"810000.000000","3.599649","10.081377","15.595563","9.200250","8.479420","14.617297","18.968601",
"820000.000000","3.536627","9.783290","15.174760","9.004636","8.843602","14.908018","19.086264",
"830000.000000","3.567210","9.524771","15.361030","8.718229","9.048963","14.494602","18.741402",
"840000.000000","3.560872","9.591103","15.375201","8.363812","8.633767","14.709105","18.672114",
"850000.000000","3.495358","9.422007","15.071386","0.430391","8.538652","14.642553","18.705644",
"860000.000000","3.454161","9.347227","15.036690","14.658007","8.339957","14.652423","18.316394",
"870000.000000","3.425853","8.856368","14.976113","14.795066","8.058011","14.562357","17.814833",
"880000.000000","3.423037","9.032697","14.762523","14.940313","7.939268","14.475718","18.165007",
"890000.000000","3.354819","9.050282","14.855949","14.793534","7.672613","14.246374","18.195746",
"900000.000000","3.353086","8.602343","14.811063","14.661230","7.304645","14.360141","18.147503",
"910000.000000","3.350132","8.769222","14.668973","14.551360","6.508734","14.265681","17.951065",
"920000.000000","3.343433","8.500250","14.808891","14.589148","6.667493","14.267309","17.931109",
"930000.000000","3.304256","8.490146","14.242722","14.504504","6.531734","14.237267","17.731094",
"940000.000000","3.271862","8.414916","14.291390","14.432680","6.245768","14.069981","17.058355",
"950000.000000","3.274391","8.274118","14.437473","14.231978","5.854417","13.987109","17.185024",
"960000.000000","3.233748","8.154013","14.223476","13.826764","5.538135","14.063432","17.151982",
"970000.000000","3.240508","8.169134","14.268755","14.245562","5.151707","13.957435","16.911517",
"980000.000000","3.202461","7.963609","14.340783","14.100335","4.627714","13.947313","17.157868",
"990000.000000","3.149602","7.925362","13.900782","13.901361","4.061244","13.928081","17.082862",
"1000000.000000","3.151607","7.829787","13.930215","14.072555","3.503001","13.996898","16.732117",
"1100000.000000","1.003799","1.093829","1.909868","13.469167","1.228229","2.646656","2.019767",
"1200000.000000","3.819505","13.184908","17.087258","12.642532","13.660616","15.184904","20.155305",
"1300000.000000","3.683730","12.172358","16.632963","11.838766","12.518269","14.898664","19.667985",
"1400000.000000","3.440362","11.259087","16.221937","10.792855","11.314891","14.452958","19.295282",
"1500000.000000","3.300531","10.206960","15.348622","9.620778","10.022990","14.117389","18.882660",
"1600000.000000","3.186228","9.465417","15.325638","8.545192","8.811920","13.840647","18.508908",
"1700000.000000","3.094605","8.851930","15.065768","1.785425","7.782107","13.530443","17.973302",
"1800000.000000","2.995274","8.320592","14.332717","14.628091","6.832450","13.310363","17.440766",
"1900000.000000","2.914817","7.737090","14.135928","14.141045","5.614251","13.087097","16.851582",
"2000000.000000","2.820274","7.356665","13.699507","13.809374","3.672467","12.938216","16.235503",
"2100000.000000","2.755284","0.511933","0.998599","13.462639","0.491394","1.397388","1.067791",
"2200000.000000","0.498838","14.486061","16.403029","12.680417","13.774145","14.413041","19.340179",
"2300000.000000","3.612096","13.788655","16.817146","12.630683","13.287370","14.438161","19.586812",
"2400000.000000","3.542651","13.359090","16.697206","12.184076","12.795285","14.290520","19.371991",
"2500000.000000","3.452704","12.457538","16.474999","11.600656","12.279206","14.188601","19.155521",
"2600000.000000","3.399817","11.553701","16.226493","11.140642","11.699979","14.051916","18.838405",
"2700000.000000","3.337114","11.189074","15.853878","10.419338","11.007368","13.927359","18.528081",
"2800000.000000","3.215236","10.706276","15.687800","9.964311","10.263262","13.761007","18.548564",
"2900000.000000","3.146805","10.148543","15.455380","9.360723","9.671361","13.348052","18.449381",
"3000000.000000","3.087804","9.789675","15.286345","8.734026","8.984979","13.463509","18.063176",
"3100000.000000","3.050498","9.303900","15.060323","8.163361","8.352222","13.360803","17.984292",
"3200000.000000","2.998920","8.941616","14.914176","7.655778","7.829277","12.884116","17.679102",
"3300000.000000","2.959808","8.578078","14.706555","7.188192","7.347999","13.107290","17.483703",
"3400000.000000","2.928164","8.333692","14.448760","0.974857","6.903943","12.651987","17.328152",
"3500000.000000","2.893976","8.104375","14.291541","14.355146","6.443565","12.862075","17.099854",
"3600000.000000","2.837415","7.665980","14.013848","14.203333","5.933067","12.769841","16.810531",
"3700000.000000","2.805880","7.442989","13.767922","13.987855","5.359338","12.647409","16.590158",
"3800000.000000","2.764283","6.975100","13.688216","13.789492","4.667210","12.573870","16.277819",
"3900000.000000","2.716507","6.825468","13.510589","13.633737","3.809076","12.464262","16.054774",
"4000000.000000","2.693573","6.611543","13.364321","13.431135","2.662689","12.431935","15.604144",
"4100000.000000","2.653873","6.471171","13.118727","13.252976","1.291081","12.327909","15.397310",
"4200000.000000","2.609271","0.253783","0.520956","12.977357","0.348989","0.737471","0.533089",
"4300000.000000","2.600299","13.750468","16.078031","12.660845","13.448622","13.988068","17.805849",
"4400000.000000","0.252244","14.122872","16.378978","12.422653","13.152513","14.197668","18.991545",
"4500000.000000","3.377439","13.589377","16.302767","12.221903","12.954440","14.120038","19.055132",
"4600000.000000","3.320773","13.368664","16.423206","11.966893","12.639545","14.104740","19.040039",
"4700000.000000","3.337682","12.944027","16.188845","11.752841","12.395472","13.977784","18.849164",
"4800000.000000","3.309899","12.535219","16.164743","11.279038","12.056906","13.912165","18.688099",
"4900000.000000","3.275476","12.116882","15.939758","11.268388","11.772060","13.934851","18.191999",
"5000000.000000","3.248402","11.837310","15.829309","10.943196","11.447185","13.772966","17.510062",
